09.09.25 07:54:28.898!!!Startup
09.09.25 07:54:28.945!!!ReadSystemMessages - StrToInt 33
09.09.25 07:54:28.991!!!Local IP 10.10.150.2
192.168.244.153
09.09.25 07:54:28.991!!!Connecting10.10.150.1 
09.09.25 07:54:29.195!!!Connected
09.09.25 07:54:29.195!!!Connected
09.09.25 07:54:29.443!!!Local IP 10.10.150.2
192.168.244.153
09.09.25 07:54:29.443!!!S: 0-- C: 0
09.09.25 07:54:29.443!!!Connecting10.10.150.1 
09.09.25 07:54:29.464!!!Connected
09.09.25 07:54:29.464!!!Connected
09.09.25 07:54:33.842!!!slow TimerTimeOut ( 2225ms)
09.09.25 07:54:34.858!!!slow TimerSekunde ( 5663ms)
09.09.25 07:55:08.673!!!RenameFileExt: C:\Program Files\LagerPC\Logging\SystemLog.bk6 => C:\Program Files\LagerPC\Logging\SystemLog.bk7sucessful
09.09.25 07:55:08.674!!!RenameFileExt: C:\Program Files\LagerPC\Logging\SystemLog.bk5 => C:\Program Files\LagerPC\Logging\SystemLog.bk6sucessful
09.09.25 07:55:08.675!!!RenameFileExt: C:\Program Files\LagerPC\Logging\SystemLog.bk4 => C:\Program Files\LagerPC\Logging\SystemLog.bk5sucessful
09.09.25 07:55:08.675!!!RenameFileExt: C:\Program Files\LagerPC\Logging\SystemLog.bk3 => C:\Program Files\LagerPC\Logging\SystemLog.bk4sucessful
09.09.25 07:55:08.676!!!RenameFileExt: C:\Program Files\LagerPC\Logging\SystemLog.bk2 => C:\Program Files\LagerPC\Logging\SystemLog.bk3sucessful
09.09.25 07:55:08.677!!!RenameFileExt: C:\Program Files\LagerPC\Logging\SystemLog.bk1 => C:\Program Files\LagerPC\Logging\SystemLog.bk2sucessful
09.09.25 07:55:08.677!!!RenameFileExt: C:\Program Files\LagerPC\Logging\SystemLog.txt => C:\Program Files\LagerPC\Logging\SystemLog.bk1sucessful
09.09.25 07:55:49.252!!!RenameFileExt : Could not find C:\Program Files\LagerPC\Logging\GatewayLog.txt
09.09.25 07:55:49.260!!!RenameFileExt :C:\Program Files\LagerPC\Logging\SerialLog.txt - E/A-Fehler 32
09.09.25 07:55:49.262!!!RenameFileExt: C:\Program Files\LagerPC\Logging\SystemLog.bk6 => C:\Program Files\LagerPC\Logging\SystemLog.bk7sucessful
09.09.25 07:55:49.263!!!RenameFileExt: C:\Program Files\LagerPC\Logging\SystemLog.bk5 => C:\Program Files\LagerPC\Logging\SystemLog.bk6sucessful
09.09.25 07:55:49.263!!!RenameFileExt: C:\Program Files\LagerPC\Logging\SystemLog.bk4 => C:\Program Files\LagerPC\Logging\SystemLog.bk5sucessful
09.09.25 07:55:49.264!!!RenameFileExt: C:\Program Files\LagerPC\Logging\SystemLog.bk3 => C:\Program Files\LagerPC\Logging\SystemLog.bk4sucessful
09.09.25 07:55:49.265!!!RenameFileExt: C:\Program Files\LagerPC\Logging\SystemLog.bk2 => C:\Program Files\LagerPC\Logging\SystemLog.bk3sucessful
09.09.25 07:55:49.266!!!RenameFileExt: C:\Program Files\LagerPC\Logging\SystemLog.bk1 => C:\Program Files\LagerPC\Logging\SystemLog.bk2sucessful
09.09.25 07:55:49.266!!!RenameFileExt: C:\Program Files\LagerPC\Logging\SystemLog.txt => C:\Program Files\LagerPC\Logging\SystemLog.bk1sucessful
09.09.25 07:55:49.268!!!RenameFileExt: C:\Program Files\LagerPC\Data\Betriebsstundenzaehler.bk6 => C:\Program Files\LagerPC\Data\Betriebsstundenzaehler.bk7sucessful
09.09.25 07:55:49.269!!!RenameFileExt: C:\Program Files\LagerPC\Data\Betriebsstundenzaehler.bk5 => C:\Program Files\LagerPC\Data\Betriebsstundenzaehler.bk6sucessful
09.09.25 07:55:49.270!!!RenameFileExt: C:\Program Files\LagerPC\Data\Betriebsstundenzaehler.bk4 => C:\Program Files\LagerPC\Data\Betriebsstundenzaehler.bk5sucessful
09.09.25 07:55:49.270!!!RenameFileExt: C:\Program Files\LagerPC\Data\Betriebsstundenzaehler.bk3 => C:\Program Files\LagerPC\Data\Betriebsstundenzaehler.bk4sucessful
09.09.25 07:55:49.271!!!RenameFileExt: C:\Program Files\LagerPC\Data\Betriebsstundenzaehler.bk2 => C:\Program Files\LagerPC\Data\Betriebsstundenzaehler.bk3sucessful
09.09.25 07:55:49.272!!!RenameFileExt: C:\Program Files\LagerPC\Data\Betriebsstundenzaehler.bk1 => C:\Program Files\LagerPC\Data\Betriebsstundenzaehler.bk2sucessful
09.09.25 14:55:17.763 >Out> #M;1;22;1;110; 

09.09.25 14:55:17.772 <In< ACK(1)
09.09.25 14:55:17.826 <In< $M;1;22;1;0; 
09.09.25 14:55:17.826 >Out> ACK...1)
09.09.25 14:55:17.826 <In< $M;1;22;2;0; 
09.09.25 14:55:17.826 >Out> ACK...1)
09.09.25 14:55:17.826 <In< $M;1;22;3;0; 
09.09.25 14:55:17.826 >Out> ACK...1)
09.09.25 14:55:17.826 <In< $M;1;22;4;0; 
09.09.25 14:55:17.826 >Out> ACK...1)
09.09.25 14:55:17.826 <In< $M;1;22;5;0; 
09.09.25 14:55:17.826 >Out> ACK...1)
09.09.25 14:55:17.826 <In< $M;1;22;6;0; 
09.09.25 14:55:17.826 >Out> ACK...1)
09.09.25 14:55:17.826 <In< $M;1;22;7;0; 
09.09.25 14:55:17.826 >Out> ACK...1)
09.09.25 14:55:17.826 <In< $M;1;22;8;0; 
09.09.25 14:55:17.826 >Out> ACK...1)
09.09.25 14:55:17.826 <In< $M;1;22;9;0; 
09.09.25 14:55:17.826 >Out> ACK...1)
09.09.25 14:55:17.826 <In< $M;1;22;10;0; 
09.09.25 14:55:17.826 >Out> ACK...1)
09.09.25 14:55:17.835 <In< $M;1;22;11;0; 
09.09.25 14:55:17.836 >Out> ACK...1)
09.09.25 14:55:17.836 <In< $M;1;22;12;0; 
09.09.25 14:55:17.836 >Out> ACK...1)
09.09.25 14:55:17.886 <In< $M;1;22;13;0; 
09.09.25 14:55:17.886 >Out> ACK...1)
09.09.25 14:55:17.886 <In< $M;1;22;14;0; 
09.09.25 14:55:17.886 >Out> ACK...1)
09.09.25 14:55:17.887 <In< $M;1;22;15;0; 
09.09.25 14:55:17.887 >Out> ACK...1)
09.09.25 14:55:17.887 <In< $M;1;22;16;0; 
09.09.25 14:55:17.887 >Out> ACK...1)
09.09.25 14:55:17.887 <In< $M;1;22;17;0; 
09.09.25 14:55:17.887 >Out> ACK...1)
09.09.25 14:55:17.887 <In< $M;1;22;18;0; 
09.09.25 14:55:17.887 >Out> ACK...1)
09.09.25 14:55:17.887 <In< $M;1;22;19;0; 
09.09.25 14:55:17.887 >Out> ACK...1)
09.09.25 14:55:17.887 <In< $M;1;22;20;0; 
09.09.25 14:55:17.887 >Out> ACK...1)
09.09.25 14:55:17.887 <In< $M;1;22;21;0; 
09.09.25 14:55:17.887 >Out> ACK...1)
09.09.25 14:55:17.887 <In< $M;1;22;22;0; 
09.09.25 14:55:17.887 >Out> ACK...1)
09.09.25 14:55:17.887 <In< $M;1;22;23;0; 
09.09.25 14:55:17.887 >Out> ACK...1)
09.09.25 14:55:17.893 <In< $M;1;22;24;0; 
09.09.25 14:55:17.893 >Out> ACK...1)
09.09.25 14:55:17.900 <In< $M;1;22;25;0; 
09.09.25 14:55:17.900 >Out> ACK...1)
09.09.25 14:55:17.903 <In< $M;1;22;26;0; 
09.09.25 14:55:17.903 >Out> ACK...1)
09.09.25 14:55:17.908 <In< $M;1;22;27;0; 
09.09.25 14:55:17.908 >Out> ACK...1)
09.09.25 14:55:17.912 <In< $M;1;22;28;0; 
09.09.25 14:55:17.912 >Out> ACK...1)
09.09.25 14:55:17.917 <In< $M;1;22;29;0; 
09.09.25 14:55:17.917 >Out> ACK...1)
09.09.25 14:55:17.923 <In< $M;1;22;30;0; 
09.09.25 14:55:17.923 >Out> ACK...1)
09.09.25 14:55:17.926 <In< $M;1;22;31;0; 
09.09.25 14:55:17.926 >Out> ACK...1)
09.09.25 14:55:17.932 <In< $M;1;22;32;0; 
09.09.25 14:55:17.932 >Out> ACK...1)
09.09.25 14:55:17.947!!!CanEdit : -1
09.09.25 14:55:17.949 <In< $M;1;22;33;0; 
09.09.25 14:55:17.949 >Out> ACK...1)
09.09.25 14:55:17.949 <In< $M;1;22;34;0; 
09.09.25 14:55:17.949 >Out> ACK...1)
09.09.25 14:55:17.956 <In< $M;1;22;35;0; 
09.09.25 14:55:17.956 >Out> ACK...1)
09.09.25 14:55:17.956 <In< $M;1;22;36;0; 
09.09.25 14:55:17.956 >Out> ACK...1)
09.09.25 14:55:17.957 <In< $M;1;22;37;0; 
09.09.25 14:55:17.957 >Out> ACK...1)
09.09.25 14:55:18.063 <In< $M;1;22;38;0; 
09.09.25 14:55:18.063 >Out> ACK...1)
09.09.25 14:55:18.063 <In< $M;1;22;39;0; 
09.09.25 14:55:18.063 >Out> ACK...1)
09.09.25 14:55:18.063 <In< $M;1;22;40;0; 
09.09.25 14:55:18.063 >Out> ACK...1)
09.09.25 14:55:18.063 <In< $M;1;22;41;46100; 
09.09.25 14:55:18.063 >Out> ACK...1)
09.09.25 14:55:18.063 <In< $M;1;22;42;2099; 
09.09.25 14:55:18.063 >Out> ACK...1)
09.09.25 14:55:18.063 <In< $M;1;22;43;967; 
09.09.25 14:55:18.063 >Out> ACK...1)
09.09.25 14:55:18.063 <In< $M;1;22;44;10283; 
09.09.25 14:55:18.063 >Out> ACK...1)
09.09.25 14:55:18.063 <In< $M;1;22;45;0; 
09.09.25 14:55:18.063 >Out> ACK...1)
09.09.25 14:55:18.063 <In< $M;1;22;46;0; 
09.09.25 14:55:18.063 >Out> ACK...1)
09.09.25 14:55:18.063 <In< $M;1;22;47;0; 
09.09.25 14:55:18.063 >Out> ACK...1)
09.09.25 14:55:18.063 <In< $M;1;22;48;0; 
09.09.25 14:55:18.063 >Out> ACK...1)
09.09.25 14:55:18.065 <In< $M;1;22;49;0; 
09.09.25 14:55:18.065 >Out> ACK...1)
09.09.25 14:55:18.065 <In< $M;1;22;50;0; 
09.09.25 14:55:18.065 >Out> ACK...1)
09.09.25 14:55:18.065 <In< $M;1;22;51;0; 
09.09.25 14:55:18.065 >Out> ACK...1)
09.09.25 14:55:18.065 <In< $M;1;22;52;0; 
09.09.25 14:55:18.065 >Out> ACK...1)
09.09.25 14:55:18.065 <In< $M;1;22;53;0; 
09.09.25 14:55:18.065 >Out> ACK...1)
09.09.25 14:55:18.065 <In< $M;1;22;54;0; 
09.09.25 14:55:18.065 >Out> ACK...1)
09.09.25 14:55:18.065 <In< $M;1;22;55;0; 
09.09.25 14:55:18.065 >Out> ACK...1)
09.09.25 14:55:18.065 <In< $M;1;22;56;0; 
09.09.25 14:55:18.065 >Out> ACK...1)
09.09.25 14:55:18.065 <In< $M;1;22;57;0; 
09.09.25 14:55:18.065 >Out> ACK...1)
09.09.25 14:55:18.065 <In< $M;1;22;58;0; 
09.09.25 14:55:18.065 >Out> ACK...1)
09.09.25 14:55:18.067 <In< $M;1;22;59;0; 
09.09.25 14:55:18.067 >Out> ACK...1)
09.09.25 14:55:18.071 <In< $M;1;22;60;0; 
09.09.25 14:55:18.071 >Out> ACK...1)
09.09.25 14:55:18.075!!!CanEdit : -1
09.09.25 14:55:18.076 <In< $M;1;22;61;0; 
09.09.25 14:55:18.076 >Out> ACK...1)
09.09.25 14:55:18.081 <In< $M;1;22;62;0; 
09.09.25 14:55:18.081 >Out> ACK...1)
09.09.25 14:55:18.087 <In< $M;1;22;63;0; 
09.09.25 14:55:18.087 >Out> ACK...1)
09.09.25 14:55:18.091 <In< $M;1;22;64;0; 
09.09.25 14:55:18.091 >Out> ACK...1)
09.09.25 14:55:18.096 <In< $M;1;22;65;0; 
09.09.25 14:55:18.096 >Out> ACK...1)
09.09.25 14:55:18.101 <In< $M;1;22;66;0; 
09.09.25 14:55:18.101 >Out> ACK...1)
09.09.25 14:55:18.106 <In< $M;1;22;67;0; 
09.09.25 14:55:18.106 >Out> ACK...1)
09.09.25 14:55:18.111 <In< $M;1;22;68;0; 
09.09.25 14:55:18.111 >Out> ACK...1)
09.09.25 14:55:18.116 <In< $M;1;22;69;0; 
09.09.25 14:55:18.116 >Out> ACK...1)
09.09.25 14:55:18.121 <In< $M;1;22;70;0; 
09.09.25 14:55:18.121 >Out> ACK...1)
09.09.25 14:55:18.126 <In< $M;1;22;71;0; 
09.09.25 14:55:18.126 >Out> ACK...1)
09.09.25 14:55:18.132 <In< $M;1;22;72;0; 
09.09.25 14:55:18.132 >Out> ACK...1)
09.09.25 14:55:18.137 <In< $M;1;22;73;0; 
09.09.25 14:55:18.137 >Out> ACK...1)
09.09.25 14:55:18.142 <In< $M;1;22;74;0; 
09.09.25 14:55:18.142 >Out> ACK...1)
09.09.25 14:55:18.147 <In< $M;1;22;75;0; 
09.09.25 14:55:18.147 >Out> ACK...1)
09.09.25 14:55:18.152 <In< $M;1;22;76;0; 
09.09.25 14:55:18.152 >Out> ACK...1)
09.09.25 14:55:18.157 <In< $M;1;22;77;0; 
09.09.25 14:55:18.157 >Out> ACK...1)
09.09.25 14:55:18.162 <In< $M;1;22;78;0; 
09.09.25 14:55:18.162 >Out> ACK...1)
09.09.25 14:55:18.167 <In< $M;1;22;79;0; 
09.09.25 14:55:18.167 >Out> ACK...1)
09.09.25 14:55:18.172 <In< $M;1;22;80;0; 
09.09.25 14:55:18.172 >Out> ACK...1)
09.09.25 14:55:18.177 <In< $M;1;22;81;0; 
09.09.25 14:55:18.177 >Out> ACK...1)
09.09.25 14:55:18.182 <In< $M;1;22;82;0; 
09.09.25 14:55:18.182 >Out> ACK...1)
09.09.25 14:55:18.187 <In< $M;1;22;83;0; 
09.09.25 14:55:18.187 >Out> ACK...1)
09.09.25 14:55:18.192 <In< $M;1;22;84;0; 
09.09.25 14:55:18.192 >Out> ACK...1)
09.09.25 14:55:18.197 <In< $M;1;22;85;0; 
09.09.25 14:55:18.197 >Out> ACK...1)
09.09.25 14:55:18.202 <In< $M;1;22;86;0; 
09.09.25 14:55:18.202 >Out> ACK...1)
09.09.25 14:55:18.207 <In< $M;1;22;87;0; 
09.09.25 14:55:18.207 >Out> ACK...1)
09.09.25 14:55:18.212 <In< $M;1;22;88;0; 
09.09.25 14:55:18.212 >Out> ACK...1)
09.09.25 14:55:18.217 <In< $M;1;22;89;0; 
09.09.25 14:55:18.217 >Out> ACK...1)
09.09.25 14:55:18.222 <In< $M;1;22;90;0; 
09.09.25 14:55:18.222 >Out> ACK...1)
09.09.25 14:55:18.227 <In< $M;1;22;91;0; 
09.09.25 14:55:18.227 >Out> ACK...1)
09.09.25 14:55:18.234 <In< $M;1;22;92;0; 
09.09.25 14:55:18.234 >Out> ACK...1)
09.09.25 14:55:18.236 <In< $M;1;22;93;0; 
09.09.25 14:55:18.237 >Out> ACK...1)
09.09.25 14:55:18.242 <In< $M;1;22;94;0; 
09.09.25 14:55:18.242 >Out> ACK...1)
09.09.25 14:55:18.246 <In< $M;1;22;95;0; 
09.09.25 14:55:18.246 >Out> ACK...1)
09.09.25 14:55:18.251 <In< $M;1;22;96;0; 
09.09.25 14:55:18.251 >Out> ACK...1)
09.09.25 14:55:18.256 <In< $M;1;22;97;0; 
09.09.25 14:55:18.256 >Out> ACK...1)
09.09.25 14:55:18.261 <In< $M;1;22;98;0; 
09.09.25 14:55:18.261 >Out> ACK...1)
09.09.25 14:55:18.266 <In< $M;1;22;99;0; 
09.09.25 14:55:18.266 >Out> ACK...1)
09.09.25 14:55:18.272 <In< $M;1;22;100;0; 
09.09.25 14:55:18.272 >Out> ACK...1)
09.09.25 14:55:18.276 <In< $M;1;22;101;0; 
09.09.25 14:55:18.276 >Out> ACK...1)
09.09.25 14:55:18.281 <In< $M;1;22;102;0; 
09.09.25 14:55:18.281 >Out> ACK...1)
09.09.25 14:55:18.286 <In< $M;1;22;103;0; 
09.09.25 14:55:18.286 >Out> ACK...1)
09.09.25 14:55:18.291 <In< $M;1;22;104;0; 
09.09.25 14:55:18.291 >Out> ACK...1)
09.09.25 14:55:18.296 <In< $M;1;22;105;0; 
09.09.25 14:55:18.296 >Out> ACK...1)
09.09.25 14:55:18.301 <In< $M;1;22;106;0; 
09.09.25 14:55:18.301 >Out> ACK...1)
09.09.25 14:55:18.306 <In< $M;1;22;107;0; 
09.09.25 14:55:18.306 >Out> ACK...1)
09.09.25 14:55:18.311 <In< $M;1;22;108;0; 
09.09.25 14:55:18.311 >Out> ACK...1)
09.09.25 14:55:18.316 <In< $M;1;22;109;0; 
09.09.25 14:55:18.316 >Out> ACK...1)
09.09.25 14:55:18.324 <In< $M;1;22;110;0; 
09.09.25 14:55:18.324 >Out> ACK...1)
09.09.25 14:55:18.904 >Out> $M;1;0; 

09.09.25 14:55:18.915 <In< ACK(1)
09.09.25 14:55:19.471 >Out> #M;1;1;1;32; 

09.09.25 14:55:19.479 <In< ACK(1)
09.09.25 14:55:19.540 <In< $M;1;1;1;14                ;0;174;138;22;0;1;0;0;0;0;0;0;0;1;0;0;0;0;0;0;0;0;0;0;0;0;0;0;0;0;0;0;0;0;0;0;0;0;0;0;1;2;0;0;0;0;0;0;0; 
09.09.25 14:55:19.541 >Out> ACK...1)
09.09.25 14:55:19.541 <In< $M;1;1;2;12                ;0;2506;1007;22;900;5;0;0;0;0;0;0;0;1;0;0;0;0;0;0;0;0;0;0;0;0;0;0;0;0;0;0;0;0;0;0;0;0;0;0;1;99;0;0;0;0;0;0;0; 
09.09.25 14:55:19.541 >Out> ACK...1)
09.09.25 14:55:19.541 <In< $M;1;1;3;                  ;0;0;0;0;0;0;0;0;0;0;0;0;0;0;0;0;0;0;0;0;0;0;0;0;0;0;0;0;0;0;0;0;0;0;0;0;0;0;0;0;0;0;0;0;0;0;0;0;0; 
09.09.25 14:55:19.541 >Out> ACK...1)
09.09.25 14:55:19.541 <In< $M;1;1;4;                  ;0;0;0;0;0;0;0;0;0;0;0;0;0;0;0;0;0;0;0;0;0;0;0;0;0;0;0;0;0;0;0;0;0;0;0;0;0;0;0;0;0;0;0;0;0;0;0;0;0; 
09.09.25 14:55:19.541 >Out> ACK...1)
09.09.25 14:55:19.541 <In< $M;1;1;5;                  ;0;0;0;0;0;0;0;0;0;0;0;0;0;0;0;0;0;0;0;0;0;0;0;0;0;0;0;0;0;0;0;0;0;0;0;0;0;0;0;0;0;0;0;0;0;0;0;0;0; 
09.09.25 14:55:19.541 >Out> ACK...1)
09.09.25 14:55:19.541 <In< $M;1;1;6;                  ;0;0;0;0;0;0;0;0;0;0;0;0;0;0;0;0;0;0;0;0;0;0;0;0;0;0;0;0;0;0;0;0;0;0;0;0;0;0;0;0;0;0;0;0;0;0;0;0;0; 
09.09.25 14:55:19.541 >Out> ACK...1)
09.09.25 14:55:19.541 <In< $M;1;1;7;                  ;0;0;0;0;0;0;0;0;0;0;0;0;0;0;0;0;0;0;0;0;0;0;0;0;0;0;0;0;0;0;0;0;0;0;0;0;0;0;0;0;0;0;0;0;0;0;0;0;0; 
09.09.25 14:55:19.541 >Out> ACK...1)
09.09.25 14:55:19.541 <In< $M;1;1;8;                  ;0;0;0;0;0;0;0;0;0;0;0;0;0;0;0;0;0;0;0;0;0;0;0;0;0;0;0;0;0;0;0;0;0;0;0;0;0;0;0;0;0;0;0;0;0;0;0;0;0; 
09.09.25 14:55:19.541 >Out> ACK...1)
09.09.25 14:55:19.541 <In< $M;1;1;9;                  ;0;0;0;0;0;0;0;0;0;0;0;0;0;0;0;0;0;0;0;0;0;0;0;0;0;0;0;0;0;0;0;0;0;0;0;0;0;0;0;0;0;0;0;0;0;0;0;0;0; 
09.09.25 14:55:19.541 >Out> ACK...1)
09.09.25 14:55:19.541 <In< $M;1;1;10;                  ;0;0;0;0;0;0;0;0;0;0;0;0;0;0;0;0;0;0;0;0;0;0;0;0;0;0;0;0;0;0;0;0;0;0;0;0;0;0;0;0;0;0;0;0;0;0;0;0;0; 
09.09.25 14:55:19.541 >Out> ACK...1)
09.09.25 14:55:19.541 <In< $M;1;1;11;                  ;0;0;0;0;0;0;0;0;0;0;0;0;0;0;0;0;0;0;0;0;0;0;0;0;0;0;0;0;0;0;0;0;0;0;0;0;0;0;0;0;0;0;0;0;0;0;0;0;0; 
09.09.25 14:55:19.541 >Out> ACK...1)
09.09.25 14:55:19.544 <In< $M;1;1;12;                  ;0;0;0;0;0;0;0;0;0;0;0;0;0;0;0;0;0;0;0;0;0;0;0;0;0;0;0;0;0;0;0;0;0;0;0;0;0;0;0;0;0;0;0;0;0;0;0;0;0; 
09.09.25 14:55:19.544 >Out> ACK...1)
09.09.25 14:55:19.544 <In< $M;1;1;13;                  ;0;0;0;0;0;0;0;0;0;0;0;0;0;0;0;0;0;0;0;0;0;0;0;0;0;0;0;0;0;0;0;0;0;0;0;0;0;0;0;0;0;0;0;0;0;0;0;0;0; 
09.09.25 14:55:19.544 >Out> ACK...1)
09.09.25 14:55:19.678 <In< $M;1;1;14;                  ;0;0;0;0;0;0;0;0;0;0;0;0;0;0;0;0;0;0;0;0;0;0;0;0;0;0;0;0;0;0;0;0;0;0;0;0;0;0;0;0;0;0;0;0;0;0;0;0;0; 
09.09.25 14:55:19.678 >Out> ACK...1)
09.09.25 14:55:19.678 <In< $M;1;1;15;                  ;0;0;0;0;0;0;0;0;0;0;0;0;0;0;0;0;0;0;0;0;0;0;0;0;0;0;0;0;0;0;0;0;0;0;0;0;0;0;0;0;0;0;0;0;0;0;0;0;0; 
09.09.25 14:55:19.678 >Out> ACK...1)
09.09.25 14:55:19.678 <In< $M;1;1;16;                  ;0;0;0;0;0;0;0;0;0;0;0;0;0;0;0;0;0;0;0;0;0;0;0;0;0;0;0;0;0;0;0;0;0;0;0;0;0;0;0;0;0;0;0;0;0;0;0;0;0; 
09.09.25 14:55:19.678 >Out> ACK...1)
09.09.25 14:55:19.678 <In< $M;1;1;17;                  ;0;0;0;0;0;0;0;0;0;0;0;0;0;0;0;0;0;0;0;0;0;0;0;0;0;0;0;0;0;0;0;0;0;0;0;0;0;0;0;0;0;0;0;0;0;0;0;0;0; 
09.09.25 14:55:19.678 >Out> ACK...1)
09.09.25 14:55:19.678 <In< $M;1;1;18;                  ;0;0;0;0;0;0;0;0;0;0;0;0;0;0;0;0;0;0;0;0;0;0;0;0;0;0;0;0;0;0;0;0;0;0;0;0;0;0;0;0;0;0;0;0;0;0;0;0;0; 
09.09.25 14:55:19.678 >Out> ACK...1)
09.09.25 14:55:19.679 <In< $M;1;1;19;                  ;0;0;0;0;0;0;0;0;0;0;0;0;0;0;0;0;0;0;0;0;0;0;0;0;0;0;0;0;0;0;0;0;0;0;0;0;0;0;0;0;0;0;0;0;0;0;0;0;0; 
09.09.25 14:55:19.679 >Out> ACK...1)
09.09.25 14:55:19.679 <In< $M;1;1;20;                  ;0;0;0;0;0;0;0;0;0;0;0;0;0;0;0;0;0;0;0;0;0;0;0;0;0;0;0;0;0;0;0;0;0;0;0;0;0;0;0;0;0;0;0;0;0;0;0;0;0; 
09.09.25 14:55:19.679 >Out> ACK...1)
09.09.25 14:55:19.679 <In< $M;1;1;21;                  ;0;0;0;0;0;0;0;0;0;0;0;0;0;0;0;0;0;0;0;0;0;0;0;0;0;0;0;0;0;0;0;0;0;0;0;0;0;0;0;0;0;0;0;0;0;0;0;0;0; 
09.09.25 14:55:19.679 >Out> ACK...1)
09.09.25 14:55:19.679 <In< $M;1;1;22;                  ;0;0;0;0;0;0;0;0;0;0;0;0;0;0;0;0;0;0;0;0;0;0;0;0;0;0;0;0;0;0;0;0;0;0;0;0;0;0;0;0;0;0;0;0;0;0;0;0;0; 
09.09.25 14:55:19.679 >Out> ACK...1)
09.09.25 14:55:19.679 <In< $M;1;1;23;                  ;0;0;0;0;0;0;0;0;0;0;0;0;0;0;0;0;0;0;0;0;0;0;0;0;0;0;0;0;0;0;0;0;0;0;0;0;0;0;0;0;0;0;0;0;0;0;0;0;0; 
09.09.25 14:55:19.679 >Out> ACK...1)
09.09.25 14:55:19.679 <In< $M;1;1;24;                  ;0;0;0;0;0;0;0;0;0;0;0;0;0;0;0;0;0;0;0;0;0;0;0;0;0;0;0;0;0;0;0;0;0;0;0;0;0;0;0;0;0;0;0;0;0;0;0;0;0; 
09.09.25 14:55:19.679 >Out> ACK...1)
09.09.25 14:55:19.679 <In< $M;1;1;25;                  ;0;0;0;0;0;0;0;0;0;0;0;0;0;0;0;0;0;0;0;0;0;0;0;0;0;0;0;0;0;0;0;0;0;0;0;0;0;0;0;0;0;0;0;0;0;0;0;0;0; 
09.09.25 14:55:19.679 >Out> ACK...1)
09.09.25 14:55:19.679 <In< $M;1;1;26;                  ;0;0;0;0;0;0;0;0;0;0;0;0;0;0;0;0;0;0;0;0;0;0;0;0;0;0;0;0;0;0;0;0;0;0;0;0;0;0;0;0;0;0;0;0;0;0;0;0;0; 
09.09.25 14:55:19.679 >Out> ACK...1)
09.09.25 14:55:19.679 <In< $M;1;1;27;                  ;0;0;0;0;0;0;0;0;0;0;0;0;0;0;0;0;0;0;0;0;0;0;0;0;0;0;0;0;0;0;0;0;0;0;0;0;0;0;0;0;0;0;0;0;0;0;0;0;0; 
09.09.25 14:55:19.679 >Out> ACK...1)
09.09.25 14:55:19.679 <In< $M;1;1;28;                  ;0;0;0;0;0;0;0;0;0;0;0;0;0;0;0;0;0;0;0;0;0;0;0;0;0;0;0;0;0;0;0;0;0;0;0;0;0;0;0;0;0;0;0;0;0;0;0;0;0; 
09.09.25 14:55:19.679 >Out> ACK...1)
09.09.25 14:55:19.679 <In< $M;1;1;29;                  ;0;0;0;0;0;0;0;0;0;0;0;0;0;0;0;0;0;0;0;0;0;0;0;0;0;0;0;0;0;0;0;0;0;0;0;0;0;0;0;0;0;0;0;0;0;0;0;0;0; 
09.09.25 14:55:19.679 >Out> ACK...1)
09.09.25 14:55:19.679 <In< $M;1;1;30;                  ;0;0;0;0;0;0;0;0;0;0;0;0;0;0;0;0;0;0;0;0;0;0;0;0;0;0;0;0;0;0;0;0;0;0;0;0;0;0;0;0;0;0;0;0;0;0;0;0;0; 
09.09.25 14:55:19.679 >Out> ACK...1)
09.09.25 14:55:19.679 <In< $M;1;1;31;                  ;0;0;0;0;0;0;0;0;0;0;0;0;0;0;0;0;0;0;0;0;0;0;0;0;0;0;0;0;0;0;0;0;0;0;0;0;0;0;0;0;0;0;0;0;0;0;0;0;0; 
09.09.25 14:55:19.679 >Out> ACK...1)
09.09.25 14:55:19.679 <In< $M;1;1;32;                  ;0;0;0;0;0;0;0;0;0;0;0;0;0;0;0;0;0;0;0;0;0;0;0;0;0;0;0;0;0;0;0;0;0;0;0;0;0;0;0;0;0;0;0;0;0;0;0;0;0; 
09.09.25 14:55:19.679 >Out> ACK...1)
09.09.25 14:55:19.788!!!CanEdit : -1
09.09.25 14:55:24.096!!!CanEdit : -1
09.09.25 14:55:24.096!!!CanEdit : -1
09.09.25 14:55:24.144 >Out> $Z;1;1;1; 

09.09.25 14:55:24.156 <In< ACK(1)
09.09.25 14:55:27.416!!!CanEdit : 0
09.09.25 14:55:27.422!!!CanEdit : -1
09.09.25 14:55:27.425!!!CanEdit : 0
09.09.25 14:55:27.472!!!CanEdit : -1
09.09.25 14:55:31.791 >Out> #X;1;1;1;1; 

09.09.25 14:55:31.805 <In< ACK(1)
09.09.25 14:55:31.816 >Out> #M;1;1;1;32; 

09.09.25 14:55:31.827 <In< ACK(1)
09.09.25 14:55:31.874 <In< $M;1;1;1;12                ;0;2506;1007;22;900;5;0;0;0;0;0;0;0;1;0;0;0;0;0;0;0;0;0;0;0;0;0;0;0;0;0;0;0;0;0;0;0;0;0;0;1;99;0;0;0;0;0;0;0; 
09.09.25 14:55:31.874 >Out> ACK...1)
09.09.25 14:55:31.874 <In< $M;1;1;2;                  ;0;0;0;0;0;0;0;0;0;0;0;0;0;0;0;0;0;0;0;0;0;0;0;0;0;0;0;0;0;0;0;0;0;0;0;0;0;0;0;0;0;0;0;0;0;0;0;0;0; 
09.09.25 14:55:31.874 >Out> ACK...1)
09.09.25 14:55:31.874 <In< $M;1;1;3;                  ;0;0;0;0;0;0;0;0;0;0;0;0;0;0;0;0;0;0;0;0;0;0;0;0;0;0;0;0;0;0;0;0;0;0;0;0;0;0;0;0;0;0;0;0;0;0;0;0;0; 
09.09.25 14:55:31.874 >Out> ACK...1)
09.09.25 14:55:31.874 <In< $M;1;1;4;                  ;0;0;0;0;0;0;0;0;0;0;0;0;0;0;0;0;0;0;0;0;0;0;0;0;0;0;0;0;0;0;0;0;0;0;0;0;0;0;0;0;0;0;0;0;0;0;0;0;0; 
09.09.25 14:55:31.874 >Out> ACK...1)
09.09.25 14:55:31.874 <In< $M;1;1;5;                  ;0;0;0;0;0;0;0;0;0;0;0;0;0;0;0;0;0;0;0;0;0;0;0;0;0;0;0;0;0;0;0;0;0;0;0;0;0;0;0;0;0;0;0;0;0;0;0;0;0; 
09.09.25 14:55:31.874 >Out> ACK...1)
09.09.25 14:55:31.874 <In< $M;1;1;6;                  ;0;0;0;0;0;0;0;0;0;0;0;0;0;0;0;0;0;0;0;0;0;0;0;0;0;0;0;0;0;0;0;0;0;0;0;0;0;0;0;0;0;0;0;0;0;0;0;0;0; 
09.09.25 14:55:31.874 >Out> ACK...1)
09.09.25 14:55:31.875 <In< $M;1;1;7;                  ;0;0;0;0;0;0;0;0;0;0;0;0;0;0;0;0;0;0;0;0;0;0;0;0;0;0;0;0;0;0;0;0;0;0;0;0;0;0;0;0;0;0;0;0;0;0;0;0;0; 
09.09.25 14:55:31.875 >Out> ACK...1)
09.09.25 14:55:31.875 <In< $M;1;1;8;                  ;0;0;0;0;0;0;0;0;0;0;0;0;0;0;0;0;0;0;0;0;0;0;0;0;0;0;0;0;0;0;0;0;0;0;0;0;0;0;0;0;0;0;0;0;0;0;0;0;0; 
09.09.25 14:55:31.875 >Out> ACK...1)
09.09.25 14:55:31.875 <In< $M;1;1;9;                  ;0;0;0;0;0;0;0;0;0;0;0;0;0;0;0;0;0;0;0;0;0;0;0;0;0;0;0;0;0;0;0;0;0;0;0;0;0;0;0;0;0;0;0;0;0;0;0;0;0; 
09.09.25 14:55:31.875 >Out> ACK...1)
09.09.25 14:55:31.878 <In< $M;1;1;10;                  ;0;0;0;0;0;0;0;0;0;0;0;0;0;0;0;0;0;0;0;0;0;0;0;0;0;0;0;0;0;0;0;0;0;0;0;0;0;0;0;0;0;0;0;0;0;0;0;0;0; 
09.09.25 14:55:31.878 >Out> ACK...1)
09.09.25 14:55:31.925 <In< $M;1;1;11;                  ;0;0;0;0;0;0;0;0;0;0;0;0;0;0;0;0;0;0;0;0;0;0;0;0;0;0;0;0;0;0;0;0;0;0;0;0;0;0;0;0;0;0;0;0;0;0;0;0;0; 
09.09.25 14:55:31.925 >Out> ACK...1)
09.09.25 14:55:31.925 <In< $M;1;1;12;                  ;0;0;0;0;0;0;0;0;0;0;0;0;0;0;0;0;0;0;0;0;0;0;0;0;0;0;0;0;0;0;0;0;0;0;0;0;0;0;0;0;0;0;0;0;0;0;0;0;0; 
09.09.25 14:55:31.925 >Out> ACK...1)
09.09.25 14:55:31.936 <In< $M;1;1;13;                  ;0;0;0;0;0;0;0;0;0;0;0;0;0;0;0;0;0;0;0;0;0;0;0;0;0;0;0;0;0;0;0;0;0;0;0;0;0;0;0;0;0;0;0;0;0;0;0;0;0; 
09.09.25 14:55:31.936 >Out> ACK...1)
09.09.25 14:55:31.936 <In< $M;1;1;14;                  ;0;0;0;0;0;0;0;0;0;0;0;0;0;0;0;0;0;0;0;0;0;0;0;0;0;0;0;0;0;0;0;0;0;0;0;0;0;0;0;0;0;0;0;0;0;0;0;0;0; 
09.09.25 14:55:31.936 >Out> ACK...1)
09.09.25 14:55:31.936 <In< $M;1;1;15;                  ;0;0;0;0;0;0;0;0;0;0;0;0;0;0;0;0;0;0;0;0;0;0;0;0;0;0;0;0;0;0;0;0;0;0;0;0;0;0;0;0;0;0;0;0;0;0;0;0;0; 
09.09.25 14:55:31.936 >Out> ACK...1)
09.09.25 14:55:31.936 <In< $M;1;1;16;                  ;0;0;0;0;0;0;0;0;0;0;0;0;0;0;0;0;0;0;0;0;0;0;0;0;0;0;0;0;0;0;0;0;0;0;0;0;0;0;0;0;0;0;0;0;0;0;0;0;0; 
09.09.25 14:55:31.936 >Out> ACK...1)
09.09.25 14:55:31.936 <In< $M;1;1;17;                  ;0;0;0;0;0;0;0;0;0;0;0;0;0;0;0;0;0;0;0;0;0;0;0;0;0;0;0;0;0;0;0;0;0;0;0;0;0;0;0;0;0;0;0;0;0;0;0;0;0; 
09.09.25 14:55:31.936 >Out> ACK...1)
09.09.25 14:55:31.936 <In< $M;1;1;18;                  ;0;0;0;0;0;0;0;0;0;0;0;0;0;0;0;0;0;0;0;0;0;0;0;0;0;0;0;0;0;0;0;0;0;0;0;0;0;0;0;0;0;0;0;0;0;0;0;0;0; 
09.09.25 14:55:31.936 >Out> ACK...1)
09.09.25 14:55:31.936 <In< $M;1;1;19;                  ;0;0;0;0;0;0;0;0;0;0;0;0;0;0;0;0;0;0;0;0;0;0;0;0;0;0;0;0;0;0;0;0;0;0;0;0;0;0;0;0;0;0;0;0;0;0;0;0;0; 
09.09.25 14:55:31.936 >Out> ACK...1)
09.09.25 14:55:31.936 <In< $M;1;1;20;                  ;0;0;0;0;0;0;0;0;0;0;0;0;0;0;0;0;0;0;0;0;0;0;0;0;0;0;0;0;0;0;0;0;0;0;0;0;0;0;0;0;0;0;0;0;0;0;0;0;0; 
09.09.25 14:55:31.936 >Out> ACK...1)
09.09.25 14:55:31.936 <In< $M;1;1;21;                  ;0;0;0;0;0;0;0;0;0;0;0;0;0;0;0;0;0;0;0;0;0;0;0;0;0;0;0;0;0;0;0;0;0;0;0;0;0;0;0;0;0;0;0;0;0;0;0;0;0; 
09.09.25 14:55:31.936 >Out> ACK...1)
09.09.25 14:55:31.939 <In< $M;1;1;22;                  ;0;0;0;0;0;0;0;0;0;0;0;0;0;0;0;0;0;0;0;0;0;0;0;0;0;0;0;0;0;0;0;0;0;0;0;0;0;0;0;0;0;0;0;0;0;0;0;0;0; 
09.09.25 14:55:31.939 >Out> ACK...1)
09.09.25 14:55:31.939 <In< $M;1;1;23;                  ;0;0;0;0;0;0;0;0;0;0;0;0;0;0;0;0;0;0;0;0;0;0;0;0;0;0;0;0;0;0;0;0;0;0;0;0;0;0;0;0;0;0;0;0;0;0;0;0;0; 
09.09.25 14:55:31.939 >Out> ACK...1)
09.09.25 14:55:31.987 <In< $M;1;1;24;                  ;0;0;0;0;0;0;0;0;0;0;0;0;0;0;0;0;0;0;0;0;0;0;0;0;0;0;0;0;0;0;0;0;0;0;0;0;0;0;0;0;0;0;0;0;0;0;0;0;0; 
09.09.25 14:55:31.987 >Out> ACK...1)
09.09.25 14:55:31.987 <In< $M;1;1;25;                  ;0;0;0;0;0;0;0;0;0;0;0;0;0;0;0;0;0;0;0;0;0;0;0;0;0;0;0;0;0;0;0;0;0;0;0;0;0;0;0;0;0;0;0;0;0;0;0;0;0; 
09.09.25 14:55:31.987 >Out> ACK...1)
09.09.25 14:55:31.988 <In< $M;1;1;26;                  ;0;0;0;0;0;0;0;0;0;0;0;0;0;0;0;0;0;0;0;0;0;0;0;0;0;0;0;0;0;0;0;0;0;0;0;0;0;0;0;0;0;0;0;0;0;0;0;0;0; 
09.09.25 14:55:31.988 >Out> ACK...1)
09.09.25 14:55:31.988 <In< $M;1;1;27;                  ;0;0;0;0;0;0;0;0;0;0;0;0;0;0;0;0;0;0;0;0;0;0;0;0;0;0;0;0;0;0;0;0;0;0;0;0;0;0;0;0;0;0;0;0;0;0;0;0;0; 
09.09.25 14:55:31.988 >Out> ACK...1)
09.09.25 14:55:31.988 <In< $M;1;1;28;                  ;0;0;0;0;0;0;0;0;0;0;0;0;0;0;0;0;0;0;0;0;0;0;0;0;0;0;0;0;0;0;0;0;0;0;0;0;0;0;0;0;0;0;0;0;0;0;0;0;0; 
09.09.25 14:55:31.988 >Out> ACK...1)
09.09.25 14:55:31.988 <In< $M;1;1;29;                  ;0;0;0;0;0;0;0;0;0;0;0;0;0;0;0;0;0;0;0;0;0;0;0;0;0;0;0;0;0;0;0;0;0;0;0;0;0;0;0;0;0;0;0;0;0;0;0;0;0; 
09.09.25 14:55:31.988 >Out> ACK...1)
09.09.25 14:55:31.988 <In< $M;1;1;30;                  ;0;0;0;0;0;0;0;0;0;0;0;0;0;0;0;0;0;0;0;0;0;0;0;0;0;0;0;0;0;0;0;0;0;0;0;0;0;0;0;0;0;0;0;0;0;0;0;0;0; 
09.09.25 14:55:31.988 >Out> ACK...1)
09.09.25 14:55:31.988 <In< $M;1;1;31;                  ;0;0;0;0;0;0;0;0;0;0;0;0;0;0;0;0;0;0;0;0;0;0;0;0;0;0;0;0;0;0;0;0;0;0;0;0;0;0;0;0;0;0;0;0;0;0;0;0;0; 
09.09.25 14:55:31.988 >Out> ACK...1)
09.09.25 14:55:31.988 <In< $M;1;1;32;                  ;0;0;0;0;0;0;0;0;0;0;0;0;0;0;0;0;0;0;0;0;0;0;0;0;0;0;0;0;0;0;0;0;0;0;0;0;0;0;0;0;0;0;0;0;0;0;0;0;0; 
09.09.25 14:55:31.988 >Out> ACK...1)
09.09.25 14:55:34.016!!!CanEdit : -1
09.09.25 14:55:34.017!!!CanEdit : -1
09.09.25 14:55:36.650!!!CanEdit : -1
09.09.25 14:55:36.656 >Out> $M;1;1;1;12;0;2506;1007;22;900;5;0;0;0;0;0;0;0;1;0;0;0;0;0;0;0;0;0;0;0;0;0;0;0;0;0;0;0;0;0;0;0;0;0;0;1;99;0;0;0;0;0;0;0; 

09.09.25 14:55:36.730 <In< ACK(1)
09.09.25 14:55:36.784 <In< $M;1;1;1;12                ;0;2506;1007;22;900;5;0;0;0;0;0;0;0;1;0;0;0;0;0;0;0;0;0;0;0;0;0;0;0;0;0;0;0;0;0;0;0;0;0;0;1;99;0;0;0;0;0;0;0; 
09.09.25 14:55:36.784 >Out> ACK...1)
09.09.25 14:55:36.791!!!CanEdit : -1
09.09.25 14:55:47.177!!!CanEdit : 0
09.09.25 14:55:47.177!!!CanEdit : 0
09.09.25 14:55:47.183!!!CanEdit : -1
09.09.25 14:55:48.439 >Out> #X;1;1;1;1; 

09.09.25 14:55:48.452 <In< ACK(1)
09.09.25 14:55:48.465 >Out> #M;1;1;1;32; 

09.09.25 14:55:48.476 <In< ACK(1)
09.09.25 14:55:48.526 <In< $M;1;1;1;                  ;0;0;0;0;0;0;0;0;0;0;0;0;0;0;0;0;0;0;0;0;0;0;0;0;0;0;0;0;0;0;0;0;0;0;0;0;0;0;0;0;0;0;0;0;0;0;0;0;0; 
09.09.25 14:55:48.526 >Out> ACK...1)
09.09.25 14:55:48.526 <In< $M;1;1;2;                  ;0;0;0;0;0;0;0;0;0;0;0;0;0;0;0;0;0;0;0;0;0;0;0;0;0;0;0;0;0;0;0;0;0;0;0;0;0;0;0;0;0;0;0;0;0;0;0;0;0; 
09.09.25 14:55:48.526 >Out> ACK...1)
09.09.25 14:55:48.526 <In< $M;1;1;3;                  ;0;0;0;0;0;0;0;0;0;0;0;0;0;0;0;0;0;0;0;0;0;0;0;0;0;0;0;0;0;0;0;0;0;0;0;0;0;0;0;0;0;0;0;0;0;0;0;0;0; 
09.09.25 14:55:48.526 >Out> ACK...1)
09.09.25 14:55:48.526 <In< $M;1;1;4;                  ;0;0;0;0;0;0;0;0;0;0;0;0;0;0;0;0;0;0;0;0;0;0;0;0;0;0;0;0;0;0;0;0;0;0;0;0;0;0;0;0;0;0;0;0;0;0;0;0;0; 
09.09.25 14:55:48.526 >Out> ACK...1)
09.09.25 14:55:48.526 <In< $M;1;1;5;                  ;0;0;0;0;0;0;0;0;0;0;0;0;0;0;0;0;0;0;0;0;0;0;0;0;0;0;0;0;0;0;0;0;0;0;0;0;0;0;0;0;0;0;0;0;0;0;0;0;0; 
09.09.25 14:55:48.526 >Out> ACK...1)
09.09.25 14:55:48.526 <In< $M;1;1;6;                  ;0;0;0;0;0;0;0;0;0;0;0;0;0;0;0;0;0;0;0;0;0;0;0;0;0;0;0;0;0;0;0;0;0;0;0;0;0;0;0;0;0;0;0;0;0;0;0;0;0; 
09.09.25 14:55:48.526 >Out> ACK...1)
09.09.25 14:55:48.526 <In< $M;1;1;7;                  ;0;0;0;0;0;0;0;0;0;0;0;0;0;0;0;0;0;0;0;0;0;0;0;0;0;0;0;0;0;0;0;0;0;0;0;0;0;0;0;0;0;0;0;0;0;0;0;0;0; 
09.09.25 14:55:48.526 >Out> ACK...1)
09.09.25 14:55:48.526 <In< $M;1;1;8;                  ;0;0;0;0;0;0;0;0;0;0;0;0;0;0;0;0;0;0;0;0;0;0;0;0;0;0;0;0;0;0;0;0;0;0;0;0;0;0;0;0;0;0;0;0;0;0;0;0;0; 
09.09.25 14:55:48.526 >Out> ACK...1)
09.09.25 14:55:48.526 <In< $M;1;1;9;                  ;0;0;0;0;0;0;0;0;0;0;0;0;0;0;0;0;0;0;0;0;0;0;0;0;0;0;0;0;0;0;0;0;0;0;0;0;0;0;0;0;0;0;0;0;0;0;0;0;0; 
09.09.25 14:55:48.526 >Out> ACK...1)
09.09.25 14:55:48.526 <In< $M;1;1;10;                  ;0;0;0;0;0;0;0;0;0;0;0;0;0;0;0;0;0;0;0;0;0;0;0;0;0;0;0;0;0;0;0;0;0;0;0;0;0;0;0;0;0;0;0;0;0;0;0;0;0; 
09.09.25 14:55:48.526 >Out> ACK...1)
09.09.25 14:55:48.530 <In< $M;1;1;11;                  ;0;0;0;0;0;0;0;0;0;0;0;0;0;0;0;0;0;0;0;0;0;0;0;0;0;0;0;0;0;0;0;0;0;0;0;0;0;0;0;0;0;0;0;0;0;0;0;0;0; 
09.09.25 14:55:48.530 >Out> ACK...1)
09.09.25 14:55:48.581 <In< $M;1;1;12;                  ;0;0;0;0;0;0;0;0;0;0;0;0;0;0;0;0;0;0;0;0;0;0;0;0;0;0;0;0;0;0;0;0;0;0;0;0;0;0;0;0;0;0;0;0;0;0;0;0;0; 
09.09.25 14:55:48.581 >Out> ACK...1)
09.09.25 14:55:48.581 <In< $M;1;1;13;                  ;0;0;0;0;0;0;0;0;0;0;0;0;0;0;0;0;0;0;0;0;0;0;0;0;0;0;0;0;0;0;0;0;0;0;0;0;0;0;0;0;0;0;0;0;0;0;0;0;0; 
09.09.25 14:55:48.581 >Out> ACK...1)
09.09.25 14:55:48.582 <In< $M;1;1;14;                  ;0;0;0;0;0;0;0;0;0;0;0;0;0;0;0;0;0;0;0;0;0;0;0;0;0;0;0;0;0;0;0;0;0;0;0;0;0;0;0;0;0;0;0;0;0;0;0;0;0; 
09.09.25 14:55:48.582 >Out> ACK...1)
09.09.25 14:55:48.582 <In< $M;1;1;15;                  ;0;0;0;0;0;0;0;0;0;0;0;0;0;0;0;0;0;0;0;0;0;0;0;0;0;0;0;0;0;0;0;0;0;0;0;0;0;0;0;0;0;0;0;0;0;0;0;0;0; 
09.09.25 14:55:48.582 >Out> ACK...1)
09.09.25 14:55:48.582 <In< $M;1;1;16;                  ;0;0;0;0;0;0;0;0;0;0;0;0;0;0;0;0;0;0;0;0;0;0;0;0;0;0;0;0;0;0;0;0;0;0;0;0;0;0;0;0;0;0;0;0;0;0;0;0;0; 
09.09.25 14:55:48.582 >Out> ACK...1)
09.09.25 14:55:48.582 <In< $M;1;1;17;                  ;0;0;0;0;0;0;0;0;0;0;0;0;0;0;0;0;0;0;0;0;0;0;0;0;0;0;0;0;0;0;0;0;0;0;0;0;0;0;0;0;0;0;0;0;0;0;0;0;0; 
09.09.25 14:55:48.582 >Out> ACK...1)
09.09.25 14:55:48.582 <In< $M;1;1;18;                  ;0;0;0;0;0;0;0;0;0;0;0;0;0;0;0;0;0;0;0;0;0;0;0;0;0;0;0;0;0;0;0;0;0;0;0;0;0;0;0;0;0;0;0;0;0;0;0;0;0; 
09.09.25 14:55:48.582 >Out> ACK...1)
09.09.25 14:55:48.582 <In< $M;1;1;19;                  ;0;0;0;0;0;0;0;0;0;0;0;0;0;0;0;0;0;0;0;0;0;0;0;0;0;0;0;0;0;0;0;0;0;0;0;0;0;0;0;0;0;0;0;0;0;0;0;0;0; 
09.09.25 14:55:48.582 >Out> ACK...1)
09.09.25 14:55:48.582 <In< $M;1;1;20;                  ;0;0;0;0;0;0;0;0;0;0;0;0;0;0;0;0;0;0;0;0;0;0;0;0;0;0;0;0;0;0;0;0;0;0;0;0;0;0;0;0;0;0;0;0;0;0;0;0;0; 
09.09.25 14:55:48.582 >Out> ACK...1)
09.09.25 14:55:48.582 <In< $M;1;1;21;                  ;0;0;0;0;0;0;0;0;0;0;0;0;0;0;0;0;0;0;0;0;0;0;0;0;0;0;0;0;0;0;0;0;0;0;0;0;0;0;0;0;0;0;0;0;0;0;0;0;0; 
09.09.25 14:55:48.582 >Out> ACK...1)
09.09.25 14:55:48.629 <In< $M;1;1;22;                  ;0;0;0;0;0;0;0;0;0;0;0;0;0;0;0;0;0;0;0;0;0;0;0;0;0;0;0;0;0;0;0;0;0;0;0;0;0;0;0;0;0;0;0;0;0;0;0;0;0; 
09.09.25 14:55:48.629 >Out> ACK...1)
09.09.25 14:55:48.629 <In< $M;1;1;23;                  ;0;0;0;0;0;0;0;0;0;0;0;0;0;0;0;0;0;0;0;0;0;0;0;0;0;0;0;0;0;0;0;0;0;0;0;0;0;0;0;0;0;0;0;0;0;0;0;0;0; 
09.09.25 14:55:48.629 >Out> ACK...1)
09.09.25 14:55:48.640 <In< $M;1;1;24;                  ;0;0;0;0;0;0;0;0;0;0;0;0;0;0;0;0;0;0;0;0;0;0;0;0;0;0;0;0;0;0;0;0;0;0;0;0;0;0;0;0;0;0;0;0;0;0;0;0;0; 
09.09.25 14:55:48.640 >Out> ACK...1)
09.09.25 14:55:48.640 <In< $M;1;1;25;                  ;0;0;0;0;0;0;0;0;0;0;0;0;0;0;0;0;0;0;0;0;0;0;0;0;0;0;0;0;0;0;0;0;0;0;0;0;0;0;0;0;0;0;0;0;0;0;0;0;0; 
09.09.25 14:55:48.640 >Out> ACK...1)
09.09.25 14:55:48.640 <In< $M;1;1;26;                  ;0;0;0;0;0;0;0;0;0;0;0;0;0;0;0;0;0;0;0;0;0;0;0;0;0;0;0;0;0;0;0;0;0;0;0;0;0;0;0;0;0;0;0;0;0;0;0;0;0; 
09.09.25 14:55:48.640 >Out> ACK...1)
09.09.25 14:55:48.640 <In< $M;1;1;27;                  ;0;0;0;0;0;0;0;0;0;0;0;0;0;0;0;0;0;0;0;0;0;0;0;0;0;0;0;0;0;0;0;0;0;0;0;0;0;0;0;0;0;0;0;0;0;0;0;0;0; 
09.09.25 14:55:48.640 >Out> ACK...1)
09.09.25 14:55:48.640 <In< $M;1;1;28;                  ;0;0;0;0;0;0;0;0;0;0;0;0;0;0;0;0;0;0;0;0;0;0;0;0;0;0;0;0;0;0;0;0;0;0;0;0;0;0;0;0;0;0;0;0;0;0;0;0;0; 
09.09.25 14:55:48.640 >Out> ACK...1)
09.09.25 14:55:48.640 <In< $M;1;1;29;                  ;0;0;0;0;0;0;0;0;0;0;0;0;0;0;0;0;0;0;0;0;0;0;0;0;0;0;0;0;0;0;0;0;0;0;0;0;0;0;0;0;0;0;0;0;0;0;0;0;0; 
09.09.25 14:55:48.640 >Out> ACK...1)
09.09.25 14:55:48.640 <In< $M;1;1;30;                  ;0;0;0;0;0;0;0;0;0;0;0;0;0;0;0;0;0;0;0;0;0;0;0;0;0;0;0;0;0;0;0;0;0;0;0;0;0;0;0;0;0;0;0;0;0;0;0;0;0; 
09.09.25 14:55:48.640 >Out> ACK...1)
09.09.25 14:55:48.640 <In< $M;1;1;31;                  ;0;0;0;0;0;0;0;0;0;0;0;0;0;0;0;0;0;0;0;0;0;0;0;0;0;0;0;0;0;0;0;0;0;0;0;0;0;0;0;0;0;0;0;0;0;0;0;0;0; 
09.09.25 14:55:48.640 >Out> ACK...1)
09.09.25 14:55:48.643 <In< $M;1;1;32;                  ;0;0;0;0;0;0;0;0;0;0;0;0;0;0;0;0;0;0;0;0;0;0;0;0;0;0;0;0;0;0;0;0;0;0;0;0;0;0;0;0;0;0;0;0;0;0;0;0;0; 
09.09.25 14:55:48.643 >Out> ACK...1)
09.09.25 14:55:49.736 >Out> $M;1;1;1;;0;0;0;0;0;0;0;0;0;0;0;0;0;0;0;0;0;0;0;0;0;0;0;0;0;0;0;0;0;0;0;0;0;0;0;0;0;0;0;0;0;0;0;0;0;0;0;0;0; 

09.09.25 14:55:49.749 <In< ACK(1)
09.09.25 14:55:49.800 <In< $M;1;1;1;                  ;0;0;0;0;0;0;0;0;0;0;0;0;0;0;0;0;0;0;0;0;0;0;0;0;0;0;0;0;0;0;0;0;0;0;0;0;0;0;0;0;0;0;0;0;0;0;0;0;0; 
09.09.25 14:55:49.800 >Out> ACK...1)
09.09.25 14:55:50.599 >Out> $M;1;0; 

09.09.25 14:55:50.620 <In< ACK(1)
09.09.25 15:04:20.147!!!CanEdit : 0
09.09.25 15:04:20.148 >Out> #M;1;1;1;32; 

09.09.25 15:04:20.157 <In< ACK(1)
09.09.25 15:04:20.208 <In< $M;1;1;1;                  ;0;0;0;0;0;0;0;0;0;0;0;0;0;0;0;0;0;0;0;0;0;0;0;0;0;0;0;0;0;0;0;0;0;0;0;0;0;0;0;0;0;0;0;0;0;0;0;0;0; 
09.09.25 15:04:20.208 >Out> ACK...1)
09.09.25 15:04:20.208 <In< $M;1;1;2;                  ;0;0;0;0;0;0;0;0;0;0;0;0;0;0;0;0;0;0;0;0;0;0;0;0;0;0;0;0;0;0;0;0;0;0;0;0;0;0;0;0;0;0;0;0;0;0;0;0;0; 
09.09.25 15:04:20.208 >Out> ACK...1)
09.09.25 15:04:20.208 <In< $M;1;1;3;                  ;0;0;0;0;0;0;0;0;0;0;0;0;0;0;0;0;0;0;0;0;0;0;0;0;0;0;0;0;0;0;0;0;0;0;0;0;0;0;0;0;0;0;0;0;0;0;0;0;0; 
09.09.25 15:04:20.208 >Out> ACK...1)
09.09.25 15:04:20.208 <In< $M;1;1;4;                  ;0;0;0;0;0;0;0;0;0;0;0;0;0;0;0;0;0;0;0;0;0;0;0;0;0;0;0;0;0;0;0;0;0;0;0;0;0;0;0;0;0;0;0;0;0;0;0;0;0; 
09.09.25 15:04:20.208 >Out> ACK...1)
09.09.25 15:04:20.208 <In< $M;1;1;5;                  ;0;0;0;0;0;0;0;0;0;0;0;0;0;0;0;0;0;0;0;0;0;0;0;0;0;0;0;0;0;0;0;0;0;0;0;0;0;0;0;0;0;0;0;0;0;0;0;0;0; 
09.09.25 15:04:20.208 >Out> ACK...1)
09.09.25 15:04:20.208 <In< $M;1;1;6;                  ;0;0;0;0;0;0;0;0;0;0;0;0;0;0;0;0;0;0;0;0;0;0;0;0;0;0;0;0;0;0;0;0;0;0;0;0;0;0;0;0;0;0;0;0;0;0;0;0;0; 
09.09.25 15:04:20.208 >Out> ACK...1)
09.09.25 15:04:20.208 <In< $M;1;1;7;                  ;0;0;0;0;0;0;0;0;0;0;0;0;0;0;0;0;0;0;0;0;0;0;0;0;0;0;0;0;0;0;0;0;0;0;0;0;0;0;0;0;0;0;0;0;0;0;0;0;0; 
09.09.25 15:04:20.208 >Out> ACK...1)
09.09.25 15:04:20.208 <In< $M;1;1;8;                  ;0;0;0;0;0;0;0;0;0;0;0;0;0;0;0;0;0;0;0;0;0;0;0;0;0;0;0;0;0;0;0;0;0;0;0;0;0;0;0;0;0;0;0;0;0;0;0;0;0; 
09.09.25 15:04:20.208 >Out> ACK...1)
09.09.25 15:04:20.208 <In< $M;1;1;9;                  ;0;0;0;0;0;0;0;0;0;0;0;0;0;0;0;0;0;0;0;0;0;0;0;0;0;0;0;0;0;0;0;0;0;0;0;0;0;0;0;0;0;0;0;0;0;0;0;0;0; 
09.09.25 15:04:20.208 >Out> ACK...1)
09.09.25 15:04:20.208 <In< $M;1;1;10;                  ;0;0;0;0;0;0;0;0;0;0;0;0;0;0;0;0;0;0;0;0;0;0;0;0;0;0;0;0;0;0;0;0;0;0;0;0;0;0;0;0;0;0;0;0;0;0;0;0;0; 
09.09.25 15:04:20.208 >Out> ACK...1)
09.09.25 15:04:20.211 <In< $M;1;1;11;                  ;0;0;0;0;0;0;0;0;0;0;0;0;0;0;0;0;0;0;0;0;0;0;0;0;0;0;0;0;0;0;0;0;0;0;0;0;0;0;0;0;0;0;0;0;0;0;0;0;0; 
09.09.25 15:04:20.211 >Out> ACK...1)
09.09.25 15:04:20.224 <In< $M;1;1;12;                  ;0;0;0;0;0;0;0;0;0;0;0;0;0;0;0;0;0;0;0;0;0;0;0;0;0;0;0;0;0;0;0;0;0;0;0;0;0;0;0;0;0;0;0;0;0;0;0;0;0; 
09.09.25 15:04:20.224 >Out> ACK...1)
09.09.25 15:04:20.224 <In< $M;1;1;13;                  ;0;0;0;0;0;0;0;0;0;0;0;0;0;0;0;0;0;0;0;0;0;0;0;0;0;0;0;0;0;0;0;0;0;0;0;0;0;0;0;0;0;0;0;0;0;0;0;0;0; 
09.09.25 15:04:20.224 >Out> ACK...1)
09.09.25 15:04:20.357 <In< $M;1;1;14;                  ;0;0;0;0;0;0;0;0;0;0;0;0;0;0;0;0;0;0;0;0;0;0;0;0;0;0;0;0;0;0;0;0;0;0;0;0;0;0;0;0;0;0;0;0;0;0;0;0;0; 
09.09.25 15:04:20.357 >Out> ACK...1)
09.09.25 15:04:20.357 <In< $M;1;1;15;                  ;0;0;0;0;0;0;0;0;0;0;0;0;0;0;0;0;0;0;0;0;0;0;0;0;0;0;0;0;0;0;0;0;0;0;0;0;0;0;0;0;0;0;0;0;0;0;0;0;0; 
09.09.25 15:04:20.357 >Out> ACK...1)
09.09.25 15:04:20.357 <In< $M;1;1;16;                  ;0;0;0;0;0;0;0;0;0;0;0;0;0;0;0;0;0;0;0;0;0;0;0;0;0;0;0;0;0;0;0;0;0;0;0;0;0;0;0;0;0;0;0;0;0;0;0;0;0; 
09.09.25 15:04:20.357 >Out> ACK...1)
09.09.25 15:04:20.357 <In< $M;1;1;17;                  ;0;0;0;0;0;0;0;0;0;0;0;0;0;0;0;0;0;0;0;0;0;0;0;0;0;0;0;0;0;0;0;0;0;0;0;0;0;0;0;0;0;0;0;0;0;0;0;0;0; 
09.09.25 15:04:20.357 >Out> ACK...1)
09.09.25 15:04:20.357 <In< $M;1;1;18;                  ;0;0;0;0;0;0;0;0;0;0;0;0;0;0;0;0;0;0;0;0;0;0;0;0;0;0;0;0;0;0;0;0;0;0;0;0;0;0;0;0;0;0;0;0;0;0;0;0;0; 
09.09.25 15:04:20.357 >Out> ACK...1)
09.09.25 15:04:20.357 <In< $M;1;1;19;                  ;0;0;0;0;0;0;0;0;0;0;0;0;0;0;0;0;0;0;0;0;0;0;0;0;0;0;0;0;0;0;0;0;0;0;0;0;0;0;0;0;0;0;0;0;0;0;0;0;0; 
09.09.25 15:04:20.357 >Out> ACK...1)
09.09.25 15:04:20.357 <In< $M;1;1;20;                  ;0;0;0;0;0;0;0;0;0;0;0;0;0;0;0;0;0;0;0;0;0;0;0;0;0;0;0;0;0;0;0;0;0;0;0;0;0;0;0;0;0;0;0;0;0;0;0;0;0; 
09.09.25 15:04:20.357 >Out> ACK...1)
09.09.25 15:04:20.357 <In< $M;1;1;21;                  ;0;0;0;0;0;0;0;0;0;0;0;0;0;0;0;0;0;0;0;0;0;0;0;0;0;0;0;0;0;0;0;0;0;0;0;0;0;0;0;0;0;0;0;0;0;0;0;0;0; 
09.09.25 15:04:20.357 >Out> ACK...1)
09.09.25 15:04:20.358 <In< $M;1;1;22;                  ;0;0;0;0;0;0;0;0;0;0;0;0;0;0;0;0;0;0;0;0;0;0;0;0;0;0;0;0;0;0;0;0;0;0;0;0;0;0;0;0;0;0;0;0;0;0;0;0;0; 
09.09.25 15:04:20.358 >Out> ACK...1)
09.09.25 15:04:20.358 <In< $M;1;1;23;                  ;0;0;0;0;0;0;0;0;0;0;0;0;0;0;0;0;0;0;0;0;0;0;0;0;0;0;0;0;0;0;0;0;0;0;0;0;0;0;0;0;0;0;0;0;0;0;0;0;0; 
09.09.25 15:04:20.358 >Out> ACK...1)
09.09.25 15:04:20.358 <In< $M;1;1;24;                  ;0;0;0;0;0;0;0;0;0;0;0;0;0;0;0;0;0;0;0;0;0;0;0;0;0;0;0;0;0;0;0;0;0;0;0;0;0;0;0;0;0;0;0;0;0;0;0;0;0; 
09.09.25 15:04:20.358 >Out> ACK...1)
09.09.25 15:04:20.358 <In< $M;1;1;25;                  ;0;0;0;0;0;0;0;0;0;0;0;0;0;0;0;0;0;0;0;0;0;0;0;0;0;0;0;0;0;0;0;0;0;0;0;0;0;0;0;0;0;0;0;0;0;0;0;0;0; 
09.09.25 15:04:20.358 >Out> ACK...1)
09.09.25 15:04:20.358 <In< $M;1;1;26;                  ;0;0;0;0;0;0;0;0;0;0;0;0;0;0;0;0;0;0;0;0;0;0;0;0;0;0;0;0;0;0;0;0;0;0;0;0;0;0;0;0;0;0;0;0;0;0;0;0;0; 
09.09.25 15:04:20.358 >Out> ACK...1)
09.09.25 15:04:20.358 <In< $M;1;1;27;                  ;0;0;0;0;0;0;0;0;0;0;0;0;0;0;0;0;0;0;0;0;0;0;0;0;0;0;0;0;0;0;0;0;0;0;0;0;0;0;0;0;0;0;0;0;0;0;0;0;0; 
09.09.25 15:04:20.358 >Out> ACK...1)
09.09.25 15:04:20.358 <In< $M;1;1;28;                  ;0;0;0;0;0;0;0;0;0;0;0;0;0;0;0;0;0;0;0;0;0;0;0;0;0;0;0;0;0;0;0;0;0;0;0;0;0;0;0;0;0;0;0;0;0;0;0;0;0; 
09.09.25 15:04:20.358 >Out> ACK...1)
09.09.25 15:04:20.358 <In< $M;1;1;29;                  ;0;0;0;0;0;0;0;0;0;0;0;0;0;0;0;0;0;0;0;0;0;0;0;0;0;0;0;0;0;0;0;0;0;0;0;0;0;0;0;0;0;0;0;0;0;0;0;0;0; 
09.09.25 15:04:20.358 >Out> ACK...1)
09.09.25 15:04:20.358 <In< $M;1;1;30;                  ;0;0;0;0;0;0;0;0;0;0;0;0;0;0;0;0;0;0;0;0;0;0;0;0;0;0;0;0;0;0;0;0;0;0;0;0;0;0;0;0;0;0;0;0;0;0;0;0;0; 
09.09.25 15:04:20.358 >Out> ACK...1)
09.09.25 15:04:20.358 <In< $M;1;1;31;                  ;0;0;0;0;0;0;0;0;0;0;0;0;0;0;0;0;0;0;0;0;0;0;0;0;0;0;0;0;0;0;0;0;0;0;0;0;0;0;0;0;0;0;0;0;0;0;0;0;0; 
09.09.25 15:04:20.358 >Out> ACK...1)
09.09.25 15:04:20.358 <In< $M;1;1;32;                  ;0;0;0;0;0;0;0;0;0;0;0;0;0;0;0;0;0;0;0;0;0;0;0;0;0;0;0;0;0;0;0;0;0;0;0;0;0;0;0;0;0;0;0;0;0;0;0;0;0; 
09.09.25 15:04:20.358 >Out> ACK...1)
09.09.25 15:04:20.467!!!CanEdit : -1
09.09.25 15:04:20.927 >Out> $M;1;0; 

09.09.25 15:04:20.938 <In< ACK(1)
